11 -24.500000 19.500000 0.000000 0.022500 0.000000 5.590033 0.000000
12 36.500000 19.500000 0.000000 0.022500 0.000000 5.590033 0.000000
7 28.000000 2.500000 13.500000 0.025000 0.000000 1.819999 0.000000
7 53.500000 2.500000 12.500000 0.025000 0.000000 4.400005 0.000000
58 21.500000 -1.000000 -2.000000 0.039500 0.000000 0.220000 0.660000
6 -5.000000 -9.000000 4.500000 0.021900 -0.380000 0.220000 0.060000
6 -1.000000 -9.000000 20.500000 0.032200 -0.380000 0.220000 0.060000
6 -9.500000 -1.500000 38.500000 0.032200 -0.410000 -0.140000 0.140000
6 -36.500000 -4.500000 46.500000 0.040500 0.000000 -0.120000 0.000000
6 -14.500000 -3.500000 57.500000 0.040500 0.000000 -0.120000 0.000000
