11 125.000000 43.500000 218.500000 0.049800 0.000000 0.020000 0.000000
11 125.000000 43.500000 380.000000 0.049800 0.000000 0.020000 0.000000
11 125.000000 43.500000 561.500000 0.049800 0.000000 0.020000 0.000000
11 125.000000 43.500000 769.000000 0.049800 0.000000 0.080000 0.000000
11 125.000000 43.500000 918.500000 0.049800 0.000000 0.080000 0.000000
11 125.000000 43.500000 1133.000000 0.049800 0.000000 0.080000 0.000000
11 125.000000 43.500000 1238.500000 0.049800 0.000000 0.080000 0.000000
11 125.000000 43.500000 1355.500000 0.049800 0.000000 0.080000 0.000000
11 125.000000 43.500000 1403.500000 0.049800 0.000000 0.080000 0.000000
11 24.000000 43.500000 1443.000000 0.049800 0.000000 -1.489999 0.000000
11 -171.000000 43.500000 1458.000000 0.049800 0.000000 -1.489999 0.000000
11 -355.000000 43.500000 1458.000000 0.049800 0.000000 -1.489999 0.000000
11 -565.500000 43.500000 1458.000000 0.049800 0.000000 -1.489999 0.000000
11 -640.000000 43.500000 1510.500000 0.049800 0.000000 -0.740000 0.000000
11 -836.000000 43.500000 1571.000000  0.049800 0.000000 -1.579999 0.000000
11 -970.000000 43.500000 1571.000000  0.049800 0.000000 -1.579999 0.000000
11 -1065.500000 43.500000 1541.000000  0.049800 0.000000 -2.029999 0.000000
11 -1084.500000 43.500000 1392.000000  0.049800 0.000000 -3.069998 0.000000
11 -1076.500000 43.500000 1328.500000  0.049800 0.000000 -3.519997 0.000000
11 -1040.500000 43.500000 1190.000000  0.049800 0.000000 -3.249997 0.000000
11 -1027.000000 43.500000 1055.000000  0.049800 0.000000 -3.249997 0.000000
11 -1054.500000 43.500000 917.500000  0.049800 0.000000 -3.249997 0.000000
11 -1015.000000 43.500000 793.000000  0.049800 0.000000 -3.519997 0.000000
11 -899.000000 43.500000 613.500000  0.049800 0.000000 -3.429997 0.000000
11 -864.500000 43.500000 428.500000  0.049800 0.000000 -3.019998 0.000000
11 -795.000000 43.500000 220.000000  0.049800 0.000000 -3.849997 0.000000
7 111.000000 0.000000 304.500000 0.050000 0.000000 1.669999 0.000000
7 111.000000 0.000000 476.000000 0.050000 0.000000 1.669999 0.000000
7 115.000000 0.000000 653.000000 0.050000 0.000000 1.669999 0.000000
7 115.000000 0.000000 717.500000 0.050000 0.000000 2.849998 0.000000
7 115.000000 0.000000 849.000000 0.050000 0.000000 1.629999 0.000000
7 115.000000 0.000000 1011.000000 0.050000 0.000000 1.629999 0.000000
7 115.000000 0.000000 1059.000000 0.050000 0.000000 0.570000 0.000000
7 69.500000 0.000000 1441.500000 0.050000 0.000000 0.570000 0.000000
7 -52.000000 0.000000 1441.500000 0.050000 0.000000 -0.010000 0.000000
7 -105.500000 0.000000 1445.500000 0.050000 0.000000 -0.470000 0.000000
7 -268.000000 0.000000 1445.500000 0.050000 0.000000 0.090000 0.000000
7 -450.000000 0.000000 1481.000000 0.050000 0.000000 0.520000 0.000000
7 -503.000000 0.000000 1498.000000 0.050000 0.000000 -0.040000 0.000000
7 -746.000000 0.000000 1559.500000 0.050000 0.000000 -0.040000 0.000000
7 -1093.000000 0.000000 1456.000000 0.050000 0.000000 -1.769999 0.000000
7 -1055.500000 0.000000 1255.000000 0.050000 0.000000 -1.659999 0.000000
7 -1043.500000 0.000000 1119.500000 0.050000 0.000000 -1.659999 0.000000
7 -1035.500000 0.000000 994.500000 0.050000 0.000000 -1.079999 0.000000
7 -1034.000000 0.000000 851.500000 0.050000 0.000000 -1.749999 0.000000
7 -971.500000 0.000000 709.500000 0.050000 0.000000 -2.269998 0.000000
7 -940.000000 0.000000 643.500000 0.050000 0.000000 -1.639999 0.000000
7 -884.500000 0.000000 526.500000 0.050000 0.000000 -1.639999 0.000000
7 -884.500000 0.000000 465.500000 0.050000 0.000000 -1.639999 0.000000
7 -854.500000 0.000000 347.000000 0.050000 0.000000 -1.809999 0.000000
7 -837.500000 0.000000 280.000000 0.050000 0.000000 -1.809999 0.000000
6 -79.000000 -24.000000 308.000000 0.054600 -0.400000 0.000000 0.000000
14 -167.500000 -24.000000 236.500000 0.050000 0.000000 1.829999 0.000000
12 -139.000000 44.500000 307.500000 0.050000 0.000000 1.829999 0.000000
6 -77.000000 -11.500000 338.000000 0.053200 -0.360000 0.000000 0.000000
6 -87.500000 -11.500000 385.500000 0.078600 -0.430000 0.000000 0.000000
53 80.000000 -0.500000 212.500000 0.075800 0.500000 0.730000 0.000000
58 81.500000 -0.500000 298.500000 0.075800 0.500000 0.730000 0.000000
52 -100.500000 -0.500000 189.500000 0.075800 1.459999 -0.969999 0.000000
53 -86.500000 -0.500000 196.000000 0.075800 1.249999 -1.799999 0.000000
2 -17.000000 0.000000 0.000000 0.050000 0.000000 0.000000 0.000000
